        4:         63         36          0          0          0          0
        5:         63         38          0          0          0          0
        6:         63         40          0          0          0          0
        3:         64          5         99          0          0          0
       15:         64          6         99          0          0          0
       39:         64         32         99         33         35       6307
       28:         64         32         99          0          0          0
       42:         64         41         99         30         42        163
       44:         64         41         99         30         44        163
        7:         64         41         99          0          0          0
       31:         64         45         99         32         53       6307
       33:         64         45         99         32         54       6307
       11:         64         45         99          0          0          0
       50:         64         57         99         37         57    1524519
       18:         64         57         99          0          0          0
       54:         64         58         99         38         57    1533929
       58:         64         58         99         38         58    1524519
       20:         64         58         99          0          0          0
        2:         65          7         99          0          0          0
       16:         65          8         99          0          0          0
       40:         65         33         99         35         37       6307
       29:         65         33         99          0          0          0
       46:         65         43         99         31         47        164
       48:         65         43         99         31         49        163
        9:         65         43         99          0          0          0
       43:         65         46         99         30         42        163
       45:         65         46         99         30         44        163
        8:         65         46         99          0          0          0
       35:         65         50         99         34         55       6404
       37:         65         50         99         34         56       6307
       13:         65         50         99          0          0          0
       32:         65         51         99         32         53       6307
       34:         65         51         99         32         54       6307
       12:         65         51         99          0          0          0
       24:         65         57         99          0          0          0
       55:         65         58         99         41         61    1533929
       26:         65         58         99          0          0          0
       23:         65         59         99          0          0          0
       53:         65         60         99         39         59    1533928
       22:         65         60         99          0          0          0
       51:         65         61         99         37         57    1524519
       19:         65         61         99          0          0          0
       56:         65         62         99         38         57    1533929
       59:         65         62         99         38         58    1524519
       21:         65         62         99          0          0          0
        1:         66          9         99          0          0          0
       17:         66         10         99          0          0          0
       41:         66         34         99         36         39       6307
       30:         66         34         99          0          0          0
       47:         66         48         99         31         47        164
       49:         66         48         99         31         49        163
       10:         66         48         99          0          0          0
       36:         66         52         99         34         55       6404
       38:         66         52         99         34         56       6307
       14:         66         52         99          0          0          0
       52:         66         61         99         40         61    1524519
       25:         66         61         99          0          0          0
       57:         66         62         99         41         61    1533929
       60:         66         62         99         41         62    1524519
       27:         66         62         99          0          0          0
