       79:        103         69          0         61         60       3236          0          0          0          0          0          0
        6:        103         69          0          0          0          0          0          0          0          0          0          0
       80:        103         71          0         64         63       3334          0          0          0          0          0          0
       81:        103         71          0         64         65       3236          0          0          0          0          0          0
        7:        103         71          0          0          0          0          0          0          0          0          0          0
       24:        103         76          0          0          0          0          0          0          0          0          0          0
       25:        103         78          0          0          0          0          0          0          0          0          0          0
       26:        103         80          0          0          0          0          0          0          0          0          0          0
        2:        104          1         99          0          0          0          0          0          0          0          0          0
        8:        104          2         99          0          0          0          0          0          0          0          0          0
       31:        104         22         99          0          0          0          0          0          0          0          0          0
       32:        104         24         99          0          0          0          0          0          0          0          0          0
       12:        104         49         99          0          0          0          0          0          0          0          0          0
       13:        104         51         99          0          0          0          0          0          0          0          0          0
       88:        104         66         99         60         59       3203          0          0          0          0          0          0
       89:        104         66         99         60         61       3203          0          0          0          0          0          0
      306:        104         66         99         60         68       6307         61         60       3236          0          0          0
      307:        104         66         99         60         68       6307         61         63       3236          0          0          0
       82:        104         66         99         60         68       6307          0          0          0          0          0          0
      104:        104         66         99         60         93       6307          0          0          0          0          0          0
      105:        104         66         99         60         94       6307          0          0          0          0          0          0
       10:        104         66         99          0          0          0          0          0          0          0          0          0
       84:        104         68         99         58         50        132          0          0          0          0          0          0
       85:        104         68         99         58         53        132          0          0          0          0          0          0
      108:        104         82         99         83         41     310725          0          0          0          0          0          0
       35:        104         82         99          0          0          0          0          0          0          0          0          0
      109:        104         84         99         85         46     310726          0          0          0          0          0          0
       36:        104         84         99          0          0          0          0          0          0          0          0          0
      112:        104         97         99         61         60       3236          0          0          0          0          0          0
      116:        104         97         99         61         63       3236          0          0          0          0          0          0
       27:        104         97         99          0          0          0          0          0          0          0          0          0
      114:        104         98         99         64         63       3334          0          0          0          0          0          0
      118:        104         98         99         64         65       3236          0          0          0          0          0          0
       29:        104         98         99          0          0          0          0          0          0          0          0          0
        1:        105          3         99          0          0          0          0          0          0          0          0          0
        9:        105          4         99          0          0          0          0          0          0          0          0          0
       33:        105         28         99          0          0          0          0          0          0          0          0          0
       34:        105         30         99          0          0          0          0          0          0          0          0          0
       14:        105         55         99          0          0          0          0          0          0          0          0          0
       15:        105         57         99          0          0          0          0          0          0          0          0          0
       90:        105         67         99         63         62       3300          0          0          0          0          0          0
       91:        105         67         99         63         64       3203          0          0          0          0          0          0
      308:        105         67         99         63         70       6307         64         63       3334          0          0          0
      309:        105         67         99         63         70       6307         64         65       3236          0          0          0
       83:        105         67         99         63         70       6307          0          0          0          0          0          0
      106:        105         67         99         63         95       6404          0          0          0          0          0          0
      107:        105         67         99         63         96       6307          0          0          0          0          0          0
       11:        105         67         99          0          0          0          0          0          0          0          0          0
       86:        105         70         99         59         56        133          0          0          0          0          0          0
       87:        105         70         99         59         58        132          0          0          0          0          0          0
      110:        105         87         99         86         46     310725          0          0          0          0          0          0
       37:        105         87         99          0          0          0          0          0          0          0          0          0
      111:        105         89         99         87         48     310725          0          0          0          0          0          0
       38:        105         89         99          0          0          0          0          0          0          0          0          0
      113:        105        101         99         61         60       3236          0          0          0          0          0          0
      117:        105        101         99         61         63       3236          0          0          0          0          0          0
       28:        105        101         99          0          0          0          0          0          0          0          0          0
      115:        105        102         99         64         63       3334          0          0          0          0          0          0
      119:        105        102         99         64         65       3236          0          0          0          0          0          0
       30:        105        102         99          0          0          0          0          0          0          0          0          0
        5:        106          9         99          0          0          0          0          0          0          0          0          0
       47:        106         10         99          0          0          0          0          0          0          0          0          0
       20:        106         21         99          0          0          0          0          0          0          0          0          0
       16:        106         25         99          0          0          0          0          0          0          0          0          0
      128:        106         66         99         67         22      12709          0          0          0          0          0          0
      101:        106         66         99         67         36      12612          0          0          0          0          0          0
       95:        106         66         99         67         49      12709          0          0          0          0          0          0
      318:        106         66         99         67         66      15716         81         37     313797          0          0          0
      314:        106         66         99         67         66      15716         81         59     313797          0          0          0
      462:        106         66         99         67         66      15716         81         68     617989        100         60   30438344
      310:        106         66         99         67         68      15813         90         50    1232808          0          0          0
      331:        106         66         99         67         81      15716         61         60       3236          0          0          0
      333:        106         66         99         67         81      15716         61         63       3236          0          0          0
      120:        106         66         99         67         81      15716          0          0          0          0          0          0
      321:        106         66         99         67         97      15716        100         60   30438344          0          0          0
      150:        106         66         99         67         97      15716          0          0          0          0          0          0
      323:        106         66         99         67         98      15716        101         63   30438345          0          0          0
      152:        106         66         99         67         98      15716          0          0          0          0          0          0
       92:        106         68         99         71         26       9637          0          0          0          0          0          0
      160:        106         72         99         62         40       3203          0          0          0          0          0          0
      339:        106         72         99         62         68       6307         83         41     310725          0          0          0
      220:        106         72         99         62         75       6307          0          0          0          0          0          0
       60:        106         72         99          0          0          0          0          0          0          0          0          0
      142:        106         81         99         58         50        132          0          0          0          0          0          0
      144:        106         81         99         58         53        132          0          0          0          0          0          0
      223:        106         81         99         58         82        163          0          0          0          0          0          0
      225:        106         81         99         58         84        163          0          0          0          0          0          0
       39:        106         81         99          0          0          0          0          0          0          0          0          0
      164:        106         85         99         60         59       3203          0          0          0          0          0          0
      168:        106         85         99         60         61       3203          0          0          0          0          0          0
      342:        106         85         99         60         68       6307         61         60       3236          0          0          0
      346:        106         85         99         60         68       6307         61         63       3236          0          0          0
      124:        106         85         99         60         68       6307          0          0          0          0          0          0
      212:        106         85         99         60         93       6307          0          0          0          0          0          0
      214:        106         85         99         60         94       6307          0          0          0          0          0          0
       43:        106         85         99          0          0          0          0          0          0          0          0          0
      132:        106         97         99         90         50    1232808          0          0          0          0          0          0
      231:        106         97         99         90         97    1524519          0          0          0          0          0          0
       50:        106         97         99          0          0          0          0          0          0          0          0          0
      134:        106         98         99         92         53    1232809          0          0          0          0          0          0
      235:        106         98         99         92         97    1533929          0          0          0          0          0          0
      239:        106         98         99         92         98    1524519          0          0          0          0          0          0
       52:        106         98         99          0          0          0          0          0          0          0          0          0
        4:        107         11         99          0          0          0          0          0          0          0          0          0
       48:        107         12         99          0          0          0          0          0          0          0          0          0
       21:        107         23         99          0          0          0          0          0          0          0          0          0
       22:        107         27         99          0          0          0          0          0          0          0          0          0
       17:        107         31         99          0          0          0          0          0          0          0          0          0
       18:        107         32         99          0          0          0          0          0          0          0          0          0
      130:        107         66         99         72         28      12709          0          0          0          0          0          0
       98:        107         66         99         72         54      12709          0          0          0          0          0          0
       99:        107         66         99         72         55      12709          0          0          0          0          0          0
      312:        107         66         99         72         70      15813         96         56    1232809          0          0          0
      332:        107         66         99         72         86      15716         61         60       3236          0          0          0
      334:        107         66         99         72         86      15716         61         63       3236          0          0          0
      121:        107         66         99         72         86      15716          0          0          0          0          0          0
      325:        107         66         99         72        100      15716        102         63   30438344          0          0          0
      154:        107         66         99         72        100      15716          0          0          0          0          0          0
      322:        107         66         99         72        101      15716        100         60   30438344          0          0          0
      151:        107         66         99         72        101      15716          0          0          0          0          0          0
      324:        107         66         99         72        102      15716        101         63   30438345          0          0          0
      153:        107         66         99         72        102      15716          0          0          0          0          0          0
      129:        107         67         99         68         24      12709          0          0          0          0          0          0
      102:        107         67         99         68         38      12709          0          0          0          0          0          0
       96:        107         67         99         68         51      12709          0          0          0          0          0          0
       97:        107         67         99         68         52      12709          0          0          0          0          0          0
      315:        107         67         99         68         66      15813         82         61     313797          0          0          0
      316:        107         67         99         68         66      15813         82         62     313797          0          0          0
      463:        107         67         99         68         66      15813         82         70     617989        101         63   30438345
      319:        107         67         99         68         66      15813         82         77     617989          0          0          0
      311:        107         67         99         68         70      15813         92         53    1232809          0          0          0
      335:        107         67         99         68         83      15716         64         63       3334          0          0          0
      337:        107         67         99         68         83      15716         64         65       3236          0          0          0
      122:        107         67         99         68         83      15716          0          0          0          0          0          0
      327:        107         67         99         68         97      15813        102         63   30438344          0          0          0
      156:        107         67         99         68         97      15813          0          0          0          0          0          0
      329:        107         67         99         68         98      15716        103         65   30438344          0          0          0
      158:        107         67         99         68         98      15716          0          0          0          0          0          0
      326:        107         67         99         68         99      15813        101         63   30438345          0          0          0
      155:        107         67         99         68         99      15813          0          0          0          0          0          0
       93:        107         70         99         76         33       9638          0          0          0          0          0          0
      161:        107         73         99         65         44       3203          0          0          0          0          0          0
      162:        107         73         99         65         45       3203          0          0          0          0          0          0
      340:        107         73         99         65         70       6307         85         46     310726          0          0          0
      221:        107         73         99         65         77       6307          0          0          0          0          0          0
       61:        107         73         99          0          0          0          0          0          0          0          0          0
      146:        107         83         99         59         56        133          0          0          0          0          0          0
      148:        107         83         99         59         58        132          0          0          0          0          0          0
      227:        107         83         99         59         87        164          0          0          0          0          0          0
      229:        107         83         99         59         89        163          0          0          0          0          0          0
       41:        107         83         99          0          0          0          0          0          0          0          0          0
      143:        107         86         99         58         50        132          0          0          0          0          0          0
      145:        107         86         99         58         53        132          0          0          0          0          0          0
      224:        107         86         99         58         82        163          0          0          0          0          0          0
      226:        107         86         99         58         84        163          0          0          0          0          0          0
       40:        107         86         99          0          0          0          0          0          0          0          0          0
      166:        107         90         99         63         62       3300          0          0          0          0          0          0
      170:        107         90         99         63         64       3203          0          0          0          0          0          0
      344:        107         90         99         63         70       6307         64         63       3334          0          0          0
      348:        107         90         99         63         70       6307         64         65       3236          0          0          0
      126:        107         90         99         63         70       6307          0          0          0          0          0          0
      216:        107         90         99         63         95       6404          0          0          0          0          0          0
      218:        107         90         99         63         96       6307          0          0          0          0          0          0
       45:        107         90         99          0          0          0          0          0          0          0          0          0
      165:        107         91         99         60         59       3203          0          0          0          0          0          0
      169:        107         91         99         60         61       3203          0          0          0          0          0          0
      343:        107         91         99         60         68       6307         61         60       3236          0          0          0
      347:        107         91         99         60         68       6307         61         63       3236          0          0          0
      125:        107         91         99         60         68       6307          0          0          0          0          0          0
      213:        107         91         99         60         93       6307          0          0          0          0          0          0
      215:        107         91         99         60         94       6307          0          0          0          0          0          0
       44:        107         91         99          0          0          0          0          0          0          0          0          0
      138:        107         97         99         97         56    1232808          0          0          0          0          0          0
       56:        107         97         99          0          0          0          0          0          0          0          0          0
      140:        107         98         99         99         58    1232808          0          0          0          0          0          0
      236:        107         98         99         99        101    1533929          0          0          0          0          0          0
       58:        107         98         99          0          0          0          0          0          0          0          0          0
      137:        107         99         99         96         56    1232809          0          0          0          0          0          0
       55:        107         99         99          0          0          0          0          0          0          0          0          0
      136:        107        100         99         93         53    1232808          0          0          0          0          0          0
      234:        107        100         99         93         99    1533928          0          0          0          0          0          0
       54:        107        100         99          0          0          0          0          0          0          0          0          0
      133:        107        101         99         90         50    1232808          0          0          0          0          0          0
      232:        107        101         99         90         97    1524519          0          0          0          0          0          0
       51:        107        101         99          0          0          0          0          0          0          0          0          0
      135:        107        102         99         92         53    1232809          0          0          0          0          0          0
      237:        107        102         99         92         97    1533929          0          0          0          0          0          0
      240:        107        102         99         92         98    1524519          0          0          0          0          0          0
       53:        107        102         99          0          0          0          0          0          0          0          0          0
        3:        108         13         99          0          0          0          0          0          0          0          0          0
       49:        108         14         99          0          0          0          0          0          0          0          0          0
       23:        108         29         99          0          0          0          0          0          0          0          0          0
       19:        108         34         99          0          0          0          0          0          0          0          0          0
      131:        108         67         99         73         30      12709          0          0          0          0          0          0
      103:        108         67         99         73         42      12612          0          0          0          0          0          0
      100:        108         67         99         73         57      12709          0          0          0          0          0          0
      320:        108         67         99         73         67      15716         84         43     313797          0          0          0
      317:        108         67         99         73         67      15716         84         64     313797          0          0          0
      464:        108         67         99         73         67      15716         84         70     617989        103         65   30438344
      313:        108         67         99         73         70      15813         99         58    1232808          0          0          0
      336:        108         67         99         73         88      15716         64         63       3334          0          0          0
      338:        108         67         99         73         88      15716         64         65       3236          0          0          0
      123:        108         67         99         73         88      15716          0          0          0          0          0          0
      328:        108         67         99         73        101      15813        102         63   30438344          0          0          0
      157:        108         67         99         73        101      15813          0          0          0          0          0          0
      330:        108         67         99         73        102      15716        103         65   30438344          0          0          0
      159:        108         67         99         73        102      15716          0          0          0          0          0          0
       94:        108         70         99         80         35       9637          0          0          0          0          0          0
      163:        108         74         99         66         47       3203          0          0          0          0          0          0
      341:        108         74         99         66         70       6307         87         48     310725          0          0          0
      222:        108         74         99         66         79       6307          0          0          0          0          0          0
       62:        108         74         99          0          0          0          0          0          0          0          0          0
      147:        108         88         99         59         56        133          0          0          0          0          0          0
      149:        108         88         99         59         58        132          0          0          0          0          0          0
      228:        108         88         99         59         87        164          0          0          0          0          0          0
      230:        108         88         99         59         89        163          0          0          0          0          0          0
       42:        108         88         99          0          0          0          0          0          0          0          0          0
      167:        108         92         99         63         62       3300          0          0          0          0          0          0
      171:        108         92         99         63         64       3203          0          0          0          0          0          0
      345:        108         92         99         63         70       6307         64         63       3334          0          0          0
      349:        108         92         99         63         70       6307         64         65       3236          0          0          0
      127:        108         92         99         63         70       6307          0          0          0          0          0          0
      217:        108         92         99         63         95       6404          0          0          0          0          0          0
      219:        108         92         99         63         96       6307          0          0          0          0          0          0
       46:        108         92         99          0          0          0          0          0          0          0          0          0
      139:        108        101         99         97         56    1232808          0          0          0          0          0          0
      233:        108        101         99         97        101    1524519          0          0          0          0          0          0
       57:        108        101         99          0          0          0          0          0          0          0          0          0
      141:        108        102         99         99         58    1232808          0          0          0          0          0          0
      238:        108        102         99         99        101    1533929          0          0          0          0          0          0
      241:        108        102         99         99        102    1524519          0          0          0          0          0          0
       59:        108        102         99          0          0          0          0          0          0          0          0          0
       63:        109         25         99          0          0          0          0          0          0          0          0          0
      180:        109         66         99         69         49      12709          0          0          0          0          0          0
      465:        109         66         99         69         66      15813         88         81    1530662        100         60   30438344
      370:        109         66         99         69         66      15813         88         81    1530662          0          0          0
      350:        109         66         99         69         81      15813         90         50    1232808          0          0          0
      398:        109         66         99         69         81      15813         90         97    1524519          0          0          0
      402:        109         66         99         69         81      15813         90         98    1524519          0          0          0
      172:        109         81         99         71         26       9637          0          0          0          0          0          0
      258:        109         81         99         71         50       9638          0          0          0          0          0          0
      262:        109         81         99         71         53       9638          0          0          0          0          0          0
      438:        109         81         99         71         72       9670         83         41     310725          0          0          0
      298:        109         81         99         71         72       9670          0          0          0          0          0          0
      250:        109         85         99         67         22      12709          0          0          0          0          0          0
      204:        109         85         99         67         36      12612          0          0          0          0          0          0
      192:        109         85         99         67         49      12709          0          0          0          0          0          0
      390:        109         85         99         67         66      15716         81         37     313797          0          0          0
      378:        109         85         99         67         66      15716         81         59     313797          0          0          0
      473:        109         85         99         67         66      15716         81         68     617989        100         60   30438344
      362:        109         85         99         67         68      15813         90         50    1232808          0          0          0
      446:        109         85         99         67         81      15716         61         60       3236          0          0          0
      454:        109         85         99         67         81      15716         61         63       3236          0          0          0
      242:        109         85         99         67         81      15716          0          0          0          0          0          0
      418:        109         85         99         67         97      15716        100         60   30438344          0          0          0
      278:        109         85         99         67         97      15716          0          0          0          0          0          0
      422:        109         85         99         67         98      15716        101         63   30438345          0          0          0
      282:        109         85         99         67         98      15716          0          0          0          0          0          0
       71:        109         85         99          0          0          0          0          0          0          0          0          0
       64:        110         25         99          0          0          0          0          0          0          0          0          0
       65:        110         31         99          0          0          0          0          0          0          0          0          0
       67:        110         32         99          0          0          0          0          0          0          0          0          0
      188:        110         66         99         74         55      12709          0          0          0          0          0          0
      466:        110         66         99         74         66      15813         94         86    1530662        100         60   30438344
      371:        110         66         99         74         66      15813         94         86    1530662          0          0          0
      358:        110         66         99         74         81      15813         97         56    1232808          0          0          0
      399:        110         66         99         74         81      15813         97        101    1524519          0          0          0
      403:        110         66         99         74         81      15813         97        102    1524519          0          0          0
      356:        110         66         99         74         83      15813         96         56    1232809          0          0          0
      406:        110         66         99         74         83      15813         96        100    1524520          0          0          0
      186:        110         66         99         74         83      15813          0          0          0          0          0          0
      351:        110         66         99         74         86      15813         90         50    1232808          0          0          0
      400:        110         66         99         74         86      15813         90         97    1524519          0          0          0
      404:        110         66         99         74         86      15813         90         98    1524519          0          0          0
      181:        110         66         99         74         86      15813          0          0          0          0          0          0
      184:        110         67         99         70         52      12709          0          0          0          0          0          0
      469:        110         67         99         70         66      15910         89         81    1530662        102         63   30438344
      374:        110         67         99         70         66      15910         89         81    1530662          0          0          0
      467:        110         67         99         70         66      15910         89         83    1530662        101         63   30438345
      372:        110         67         99         70         66      15910         89         83    1530662          0          0          0
      354:        110         67         99         70         81      15813         93         53    1232808          0          0          0
      408:        110         67         99         70         81      15813         93         99    1533928          0          0          0
      352:        110         67         99         70         83      15813         92         53    1232809          0          0          0
      410:        110         67         99         70         83      15813         92         97    1533929          0          0          0
      414:        110         67         99         70         83      15813         92         98    1524519          0          0          0
      182:        110         67         99         70         83      15813          0          0          0          0          0          0
      176:        110         81         99         77         33       9637          0          0          0          0          0          0
      259:        110         81         99         77         50       9638          0          0          0          0          0          0
      263:        110         81         99         77         53       9638          0          0          0          0          0          0
      268:        110         81         99         77         56       9638          0          0          0          0          0          0
      442:        110         81         99         77         73       9670         86         46     310725          0          0          0
      302:        110         81         99         77         73       9670          0          0          0          0          0          0
      174:        110         83         99         76         33       9638          0          0          0          0          0          0
      266:        110         83         99         76         53       9639          0          0          0          0          0          0
      270:        110         83         99         76         56       9639          0          0          0          0          0          0
      274:        110         83         99         76         58       9638          0          0          0          0          0          0
      440:        110         83         99         76         73       9670         85         46     310726          0          0          0
      300:        110         83         99         76         73       9670          0          0          0          0          0          0
      254:        110         85         99         72         28      12709          0          0          0          0          0          0
      208:        110         85         99         72         38      12612          0          0          0          0          0          0
      198:        110         85         99         72         54      12709          0          0          0          0          0          0
      200:        110         85         99         72         55      12709          0          0          0          0          0          0
      384:        110         85         99         72         67      15716         82         61     313797          0          0          0
      386:        110         85         99         72         67      15716         82         62     313797          0          0          0
      477:        110         85         99         72         67      15716         82         70     617989        101         63   30438345
      394:        110         85         99         72         67      15716         82         77     617989          0          0          0
      366:        110         85         99         72         70      15813         96         56    1232809          0          0          0
      447:        110         85         99         72         86      15716         61         60       3236          0          0          0
      455:        110         85         99         72         86      15716         61         63       3236          0          0          0
      243:        110         85         99         72         86      15716          0          0          0          0          0          0
      426:        110         85         99         72        100      15716        102         63   30438344          0          0          0
      286:        110         85         99         72        100      15716          0          0          0          0          0          0
      419:        110         85         99         72        101      15716        100         60   30438344          0          0          0
      279:        110         85         99         72        101      15716          0          0          0          0          0          0
      423:        110         85         99         72        102      15716        101         63   30438345          0          0          0
      283:        110         85         99         72        102      15716          0          0          0          0          0          0
       75:        110         85         99          0          0          0          0          0          0          0          0          0
      173:        110         86         99         71         26       9637          0          0          0          0          0          0
      260:        110         86         99         71         50       9638          0          0          0          0          0          0
      264:        110         86         99         71         53       9638          0          0          0          0          0          0
      439:        110         86         99         71         72       9670         83         41     310725          0          0          0
      299:        110         86         99         71         72       9670          0          0          0          0          0          0
      252:        110         90         99         68         24      12709          0          0          0          0          0          0
      206:        110         90         99         68         38      12709          0          0          0          0          0          0
      194:        110         90         99         68         51      12709          0          0          0          0          0          0
      196:        110         90         99         68         52      12709          0          0          0          0          0          0
      380:        110         90         99         68         66      15813         82         61     313797          0          0          0
      382:        110         90         99         68         66      15813         82         62     313797          0          0          0
      475:        110         90         99         68         66      15813         82         70     617989        101         63   30438345
      392:        110         90         99         68         66      15813         82         77     617989          0          0          0
      364:        110         90         99         68         70      15813         92         53    1232809          0          0          0
      450:        110         90         99         68         83      15716         64         63       3334          0          0          0
      458:        110         90         99         68         83      15716         64         65       3236          0          0          0
      246:        110         90         99         68         83      15716          0          0          0          0          0          0
      430:        110         90         99         68         97      15813        102         63   30438344          0          0          0
      290:        110         90         99         68         97      15813          0          0          0          0          0          0
      434:        110         90         99         68         98      15716        103         65   30438344          0          0          0
      294:        110         90         99         68         98      15716          0          0          0          0          0          0
      428:        110         90         99         68         99      15813        101         63   30438345          0          0          0
      288:        110         90         99         68         99      15813          0          0          0          0          0          0
       73:        110         90         99          0          0          0          0          0          0          0          0          0
      251:        110         91         99         67         22      12709          0          0          0          0          0          0
      205:        110         91         99         67         36      12612          0          0          0          0          0          0
      193:        110         91         99         67         49      12709          0          0          0          0          0          0
      391:        110         91         99         67         66      15716         81         37     313797          0          0          0
      379:        110         91         99         67         66      15716         81         59     313797          0          0          0
      474:        110         91         99         67         66      15716         81         68     617989        100         60   30438344
      363:        110         91         99         67         68      15813         90         50    1232808          0          0          0
      448:        110         91         99         67         81      15716         61         60       3236          0          0          0
      456:        110         91         99         67         81      15716         61         63       3236          0          0          0
      244:        110         91         99         67         81      15716          0          0          0          0          0          0
      420:        110         91         99         67         97      15716        100         60   30438344          0          0          0
      280:        110         91         99         67         97      15716          0          0          0          0          0          0
      424:        110         91         99         67         98      15716        101         63   30438345          0          0          0
      284:        110         91         99         67         98      15716          0          0          0          0          0          0
       72:        110         91         99          0          0          0          0          0          0          0          0          0
       66:        111         31         99          0          0          0          0          0          0          0          0          0
       68:        111         32         99          0          0          0          0          0          0          0          0          0
       69:        111         34         99          0          0          0          0          0          0          0          0          0
      187:        111         66         99         78         54      12709          0          0          0          0          0          0
      359:        111         66         99         78         86      15813         97         56    1232808          0          0          0
      401:        111         66         99         78         86      15813         97        101    1524519          0          0          0
      405:        111         66         99         78         86      15813         97        102    1524519          0          0          0
      189:        111         66         99         78         86      15813          0          0          0          0          0          0
      357:        111         66         99         78         88      15813         96         56    1232809          0          0          0
      407:        111         66         99         78         88      15813         96        100    1524520          0          0          0
      183:        111         67         99         75         51      12709          0          0          0          0          0          0
      470:        111         67         99         75         66      15910         95         86    1530662        102         63   30438344
      375:        111         67         99         75         66      15910         95         86    1530662          0          0          0
      468:        111         67         99         75         66      15910         95         88    1530662        101         63   30438345
      373:        111         67         99         75         66      15910         95         88    1530662          0          0          0
      471:        111         67         99         75         67      15813         91         83    1530662        103         65   30438344
      376:        111         67         99         75         67      15813         91         83    1530662          0          0          0
      360:        111         67         99         75         83      15813         99         58    1232808          0          0          0
      411:        111         67         99         75         83      15813         99        101    1533929          0          0          0
      415:        111         67         99         75         83      15813         99        102    1524519          0          0          0
      190:        111         67         99         75         83      15813          0          0          0          0          0          0
      355:        111         67         99         75         86      15813         93         53    1232808          0          0          0
      409:        111         67         99         75         86      15813         93         99    1533928          0          0          0
      185:        111         67         99         75         86      15813          0          0          0          0          0          0
      353:        111         67         99         75         88      15813         92         53    1232809          0          0          0
      412:        111         67         99         75         88      15813         92         97    1533929          0          0          0
      416:        111         67         99         75         88      15813         92         98    1524519          0          0          0
      178:        111         83         99         80         35       9637          0          0          0          0          0          0
      271:        111         83         99         80         56       9639          0          0          0          0          0          0
      275:        111         83         99         80         58       9638          0          0          0          0          0          0
      444:        111         83         99         80         74       9670         87         48     310725          0          0          0
      304:        111         83         99         80         74       9670          0          0          0          0          0          0
      177:        111         86         99         77         33       9637          0          0          0          0          0          0
      261:        111         86         99         77         50       9638          0          0          0          0          0          0
      265:        111         86         99         77         53       9638          0          0          0          0          0          0
      269:        111         86         99         77         56       9638          0          0          0          0          0          0
      443:        111         86         99         77         73       9670         86         46     310725          0          0          0
      303:        111         86         99         77         73       9670          0          0          0          0          0          0
      175:        111         88         99         76         33       9638          0          0          0          0          0          0
      267:        111         88         99         76         53       9639          0          0          0          0          0          0
      272:        111         88         99         76         56       9639          0          0          0          0          0          0
      276:        111         88         99         76         58       9638          0          0          0          0          0          0
      441:        111         88         99         76         73       9670         85         46     310726          0          0          0
      301:        111         88         99         76         73       9670          0          0          0          0          0          0
      256:        111         90         99         73         30      12709          0          0          0          0          0          0
      210:        111         90         99         73         42      12612          0          0          0          0          0          0
      202:        111         90         99         73         57      12709          0          0          0          0          0          0
      396:        111         90         99         73         67      15716         84         43     313797          0          0          0
      388:        111         90         99         73         67      15716         84         64     313797          0          0          0
      479:        111         90         99         73         67      15716         84         70     617989        103         65   30438344
      368:        111         90         99         73         70      15813         99         58    1232808          0          0          0
      451:        111         90         99         73         88      15716         64         63       3334          0          0          0
      459:        111         90         99         73         88      15716         64         65       3236          0          0          0
      247:        111         90         99         73         88      15716          0          0          0          0          0          0
      431:        111         90         99         73        101      15813        102         63   30438344          0          0          0
      291:        111         90         99         73        101      15813          0          0          0          0          0          0
      435:        111         90         99         73        102      15716        103         65   30438344          0          0          0
      295:        111         90         99         73        102      15716          0          0          0          0          0          0
       77:        111         90         99          0          0          0          0          0          0          0          0          0
      255:        111         91         99         72         28      12709          0          0          0          0          0          0
      209:        111         91         99         72         38      12612          0          0          0          0          0          0
      199:        111         91         99         72         54      12709          0          0          0          0          0          0
      201:        111         91         99         72         55      12709          0          0          0          0          0          0
      385:        111         91         99         72         67      15716         82         61     313797          0          0          0
      387:        111         91         99         72         67      15716         82         62     313797          0          0          0
      478:        111         91         99         72         67      15716         82         70     617989        101         63   30438345
      395:        111         91         99         72         67      15716         82         77     617989          0          0          0
      367:        111         91         99         72         70      15813         96         56    1232809          0          0          0
      449:        111         91         99         72         86      15716         61         60       3236          0          0          0
      457:        111         91         99         72         86      15716         61         63       3236          0          0          0
      245:        111         91         99         72         86      15716          0          0          0          0          0          0
      427:        111         91         99         72        100      15716        102         63   30438344          0          0          0
      287:        111         91         99         72        100      15716          0          0          0          0          0          0
      421:        111         91         99         72        101      15716        100         60   30438344          0          0          0
      281:        111         91         99         72        101      15716          0          0          0          0          0          0
      425:        111         91         99         72        102      15716        101         63   30438345          0          0          0
      285:        111         91         99         72        102      15716          0          0          0          0          0          0
       76:        111         91         99          0          0          0          0          0          0          0          0          0
      253:        111         92         99         68         24      12709          0          0          0          0          0          0
      207:        111         92         99         68         38      12709          0          0          0          0          0          0
      195:        111         92         99         68         51      12709          0          0          0          0          0          0
      197:        111         92         99         68         52      12709          0          0          0          0          0          0
      381:        111         92         99         68         66      15813         82         61     313797          0          0          0
      383:        111         92         99         68         66      15813         82         62     313797          0          0          0
      476:        111         92         99         68         66      15813         82         70     617989        101         63   30438345
      393:        111         92         99         68         66      15813         82         77     617989          0          0          0
      365:        111         92         99         68         70      15813         92         53    1232809          0          0          0
      452:        111         92         99         68         83      15716         64         63       3334          0          0          0
      460:        111         92         99         68         83      15716         64         65       3236          0          0          0
      248:        111         92         99         68         83      15716          0          0          0          0          0          0
      432:        111         92         99         68         97      15813        102         63   30438344          0          0          0
      292:        111         92         99         68         97      15813          0          0          0          0          0          0
      436:        111         92         99         68         98      15716        103         65   30438344          0          0          0
      296:        111         92         99         68         98      15716          0          0          0          0          0          0
      429:        111         92         99         68         99      15813        101         63   30438345          0          0          0
      289:        111         92         99         68         99      15813          0          0          0          0          0          0
       74:        111         92         99          0          0          0          0          0          0          0          0          0
       70:        112         34         99          0          0          0          0          0          0          0          0          0
      191:        112         67         99         79         57      12709          0          0          0          0          0          0
      472:        112         67         99         79         67      15813         98         88    1530662        103         65   30438344
      377:        112         67         99         79         67      15813         98         88    1530662          0          0          0
      361:        112         67         99         79         88      15813         99         58    1232808          0          0          0
      413:        112         67         99         79         88      15813         99        101    1533929          0          0          0
      417:        112         67         99         79         88      15813         99        102    1524519          0          0          0
      179:        112         88         99         80         35       9637          0          0          0          0          0          0
      273:        112         88         99         80         56       9639          0          0          0          0          0          0
      277:        112         88         99         80         58       9638          0          0          0          0          0          0
      445:        112         88         99         80         74       9670         87         48     310725          0          0          0
      305:        112         88         99         80         74       9670          0          0          0          0          0          0
      257:        112         92         99         73         30      12709          0          0          0          0          0          0
      211:        112         92         99         73         42      12612          0          0          0          0          0          0
      203:        112         92         99         73         57      12709          0          0          0          0          0          0
      397:        112         92         99         73         67      15716         84         43     313797          0          0          0
      389:        112         92         99         73         67      15716         84         64     313797          0          0          0
      480:        112         92         99         73         67      15716         84         70     617989        103         65   30438344
      369:        112         92         99         73         70      15813         99         58    1232808          0          0          0
      453:        112         92         99         73         88      15716         64         63       3334          0          0          0
      461:        112         92         99         73         88      15716         64         65       3236          0          0          0
      249:        112         92         99         73         88      15716          0          0          0          0          0          0
      433:        112         92         99         73        101      15813        102         63   30438344          0          0          0
      293:        112         92         99         73        101      15813          0          0          0          0          0          0
      437:        112         92         99         73        102      15716        103         65   30438344          0          0          0
      297:        112         92         99         73        102      15716          0          0          0          0          0          0
       78:        112         92         99          0          0          0          0          0          0          0          0          0
