       63:        103         69          0         57         60       3236          0          0          0          0          0          0
        6:        103         69          0          0          0          0          0          0          0          0          0          0
       64:        103         71          0         60         63       3334          0          0          0          0          0          0
       65:        103         71          0         60         65       3236          0          0          0          0          0          0
        7:        103         71          0          0          0          0          0          0          0          0          0          0
       24:        103         76          0          0          0          0          0          0          0          0          0          0
       25:        103         78          0          0          0          0          0          0          0          0          0          0
       26:        103         80          0          0          0          0          0          0          0          0          0          0
        2:        104          1         99          0          0          0          0          0          0          0          0          0
        8:        104          2         99          0          0          0          0          0          0          0          0          0
       31:        104         22         99          0          0          0          0          0          0          0          0          0
       32:        104         24         99          0          0          0          0          0          0          0          0          0
       12:        104         49         99          0          0          0          0          0          0          0          0          0
       13:        104         51         99          0          0          0          0          0          0          0          0          0
       72:        104         66         99         56         59       3203          0          0          0          0          0          0
       73:        104         66         99         56         61       3203          0          0          0          0          0          0
      186:        104         66         99         56         68       6307         57         60       3236          0          0          0
      187:        104         66         99         56         68       6307         57         63       3236          0          0          0
       66:        104         66         99         56         68       6307          0          0          0          0          0          0
       88:        104         66         99         56         93       6307          0          0          0          0          0          0
       89:        104         66         99         56         94       6307          0          0          0          0          0          0
       10:        104         66         99          0          0          0          0          0          0          0          0          0
       68:        104         68         99         54         50        132          0          0          0          0          0          0
       69:        104         68         99         54         53        132          0          0          0          0          0          0
       92:        104         82         99         72         41     310725          0          0          0          0          0          0
       35:        104         82         99          0          0          0          0          0          0          0          0          0
       93:        104         84         99         74         46     310726          0          0          0          0          0          0
       36:        104         84         99          0          0          0          0          0          0          0          0          0
       96:        104         97         99         57         60       3236          0          0          0          0          0          0
      100:        104         97         99         57         63       3236          0          0          0          0          0          0
       27:        104         97         99          0          0          0          0          0          0          0          0          0
       98:        104         98         99         60         63       3334          0          0          0          0          0          0
      102:        104         98         99         60         65       3236          0          0          0          0          0          0
       29:        104         98         99          0          0          0          0          0          0          0          0          0
        1:        105          3         99          0          0          0          0          0          0          0          0          0
        9:        105          4         99          0          0          0          0          0          0          0          0          0
       33:        105         28         99          0          0          0          0          0          0          0          0          0
       34:        105         30         99          0          0          0          0          0          0          0          0          0
       14:        105         55         99          0          0          0          0          0          0          0          0          0
       15:        105         57         99          0          0          0          0          0          0          0          0          0
       74:        105         67         99         59         62       3300          0          0          0          0          0          0
       75:        105         67         99         59         64       3203          0          0          0          0          0          0
      188:        105         67         99         59         70       6307         60         63       3334          0          0          0
      189:        105         67         99         59         70       6307         60         65       3236          0          0          0
       67:        105         67         99         59         70       6307          0          0          0          0          0          0
       90:        105         67         99         59         95       6404          0          0          0          0          0          0
       91:        105         67         99         59         96       6307          0          0          0          0          0          0
       11:        105         67         99          0          0          0          0          0          0          0          0          0
       70:        105         70         99         55         56        133          0          0          0          0          0          0
       71:        105         70         99         55         58        132          0          0          0          0          0          0
       94:        105         87         99         75         46     310725          0          0          0          0          0          0
       37:        105         87         99          0          0          0          0          0          0          0          0          0
       95:        105         89         99         76         48     310725          0          0          0          0          0          0
       38:        105         89         99          0          0          0          0          0          0          0          0          0
       97:        105        101         99         57         60       3236          0          0          0          0          0          0
      101:        105        101         99         57         63       3236          0          0          0          0          0          0
       28:        105        101         99          0          0          0          0          0          0          0          0          0
       99:        105        102         99         60         63       3334          0          0          0          0          0          0
      103:        105        102         99         60         65       3236          0          0          0          0          0          0
       30:        105        102         99          0          0          0          0          0          0          0          0          0
        5:        106          9         99          0          0          0          0          0          0          0          0          0
       47:        106         10         99          0          0          0          0          0          0          0          0          0
       20:        106         21         99          0          0          0          0          0          0          0          0          0
       16:        106         25         99          0          0          0          0          0          0          0          0          0
      112:        106         66         99         63         22      12709          0          0          0          0          0          0
       85:        106         66         99         63         36      12612          0          0          0          0          0          0
       79:        106         66         99         63         49      12709          0          0          0          0          0          0
      198:        106         66         99         63         66      15716         70         37     313797          0          0          0
      194:        106         66         99         63         66      15716         70         59     313797          0          0          0
      230:        106         66         99         63         66      15716         70         68     617989         83         60   30438344
      190:        106         66         99         63         68      15813         77         50    1232808          0          0          0
      211:        106         66         99         63         81      15716         57         60       3236          0          0          0
      213:        106         66         99         63         81      15716         57         63       3236          0          0          0
      104:        106         66         99         63         81      15716          0          0          0          0          0          0
      201:        106         66         99         63         97      15716         83         60   30438344          0          0          0
      134:        106         66         99         63         97      15716          0          0          0          0          0          0
      203:        106         66         99         63         98      15716         84         63   30438345          0          0          0
      136:        106         66         99         63         98      15716          0          0          0          0          0          0
       76:        106         68         99         65         26       9637          0          0          0          0          0          0
      144:        106         72         99         58         40       3203          0          0          0          0          0          0
      219:        106         72         99         58         68       6307         72         41     310725          0          0          0
      164:        106         72         99         58         75       6307          0          0          0          0          0          0
       60:        106         72         99          0          0          0          0          0          0          0          0          0
      126:        106         81         99         54         50        132          0          0          0          0          0          0
      128:        106         81         99         54         53        132          0          0          0          0          0          0
      167:        106         81         99         54         82        163          0          0          0          0          0          0
      169:        106         81         99         54         84        163          0          0          0          0          0          0
       39:        106         81         99          0          0          0          0          0          0          0          0          0
      148:        106         85         99         56         59       3203          0          0          0          0          0          0
      152:        106         85         99         56         61       3203          0          0          0          0          0          0
      222:        106         85         99         56         68       6307         57         60       3236          0          0          0
      226:        106         85         99         56         68       6307         57         63       3236          0          0          0
      108:        106         85         99         56         68       6307          0          0          0          0          0          0
      156:        106         85         99         56         93       6307          0          0          0          0          0          0
      158:        106         85         99         56         94       6307          0          0          0          0          0          0
       43:        106         85         99          0          0          0          0          0          0          0          0          0
      116:        106         97         99         77         50    1232808          0          0          0          0          0          0
      175:        106         97         99         77         97    1524519          0          0          0          0          0          0
       50:        106         97         99          0          0          0          0          0          0          0          0          0
      118:        106         98         99         78         53    1232809          0          0          0          0          0          0
      179:        106         98         99         78         97    1533929          0          0          0          0          0          0
      183:        106         98         99         78         98    1524519          0          0          0          0          0          0
       52:        106         98         99          0          0          0          0          0          0          0          0          0
        4:        107         11         99          0          0          0          0          0          0          0          0          0
       48:        107         12         99          0          0          0          0          0          0          0          0          0
       21:        107         23         99          0          0          0          0          0          0          0          0          0
       22:        107         27         99          0          0          0          0          0          0          0          0          0
       17:        107         31         99          0          0          0          0          0          0          0          0          0
       18:        107         32         99          0          0          0          0          0          0          0          0          0
      114:        107         66         99         66         28      12709          0          0          0          0          0          0
       82:        107         66         99         66         54      12709          0          0          0          0          0          0
       83:        107         66         99         66         55      12709          0          0          0          0          0          0
      192:        107         66         99         66         70      15813         80         56    1232809          0          0          0
      212:        107         66         99         66         86      15716         57         60       3236          0          0          0
      214:        107         66         99         66         86      15716         57         63       3236          0          0          0
      105:        107         66         99         66         86      15716          0          0          0          0          0          0
      205:        107         66         99         66        100      15716         85         63   30438344          0          0          0
      138:        107         66         99         66        100      15716          0          0          0          0          0          0
      202:        107         66         99         66        101      15716         83         60   30438344          0          0          0
      135:        107         66         99         66        101      15716          0          0          0          0          0          0
      204:        107         66         99         66        102      15716         84         63   30438345          0          0          0
      137:        107         66         99         66        102      15716          0          0          0          0          0          0
      113:        107         67         99         64         24      12709          0          0          0          0          0          0
       86:        107         67         99         64         38      12709          0          0          0          0          0          0
       80:        107         67         99         64         51      12709          0          0          0          0          0          0
       81:        107         67         99         64         52      12709          0          0          0          0          0          0
      195:        107         67         99         64         66      15813         71         61     313797          0          0          0
      196:        107         67         99         64         66      15813         71         62     313797          0          0          0
      231:        107         67         99         64         66      15813         71         70     617989         84         63   30438345
      199:        107         67         99         64         66      15813         71         77     617989          0          0          0
      191:        107         67         99         64         70      15813         78         53    1232809          0          0          0
      215:        107         67         99         64         83      15716         60         63       3334          0          0          0
      217:        107         67         99         64         83      15716         60         65       3236          0          0          0
      106:        107         67         99         64         83      15716          0          0          0          0          0          0
      207:        107         67         99         64         97      15813         85         63   30438344          0          0          0
      140:        107         67         99         64         97      15813          0          0          0          0          0          0
      209:        107         67         99         64         98      15716         86         65   30438344          0          0          0
      142:        107         67         99         64         98      15716          0          0          0          0          0          0
      206:        107         67         99         64         99      15813         84         63   30438345          0          0          0
      139:        107         67         99         64         99      15813          0          0          0          0          0          0
       77:        107         70         99         68         33       9638          0          0          0          0          0          0
      145:        107         73         99         61         44       3203          0          0          0          0          0          0
      146:        107         73         99         61         45       3203          0          0          0          0          0          0
      220:        107         73         99         61         70       6307         74         46     310726          0          0          0
      165:        107         73         99         61         77       6307          0          0          0          0          0          0
       61:        107         73         99          0          0          0          0          0          0          0          0          0
      130:        107         83         99         55         56        133          0          0          0          0          0          0
      132:        107         83         99         55         58        132          0          0          0          0          0          0
      171:        107         83         99         55         87        164          0          0          0          0          0          0
      173:        107         83         99         55         89        163          0          0          0          0          0          0
       41:        107         83         99          0          0          0          0          0          0          0          0          0
      127:        107         86         99         54         50        132          0          0          0          0          0          0
      129:        107         86         99         54         53        132          0          0          0          0          0          0
      168:        107         86         99         54         82        163          0          0          0          0          0          0
      170:        107         86         99         54         84        163          0          0          0          0          0          0
       40:        107         86         99          0          0          0          0          0          0          0          0          0
      150:        107         90         99         59         62       3300          0          0          0          0          0          0
      154:        107         90         99         59         64       3203          0          0          0          0          0          0
      224:        107         90         99         59         70       6307         60         63       3334          0          0          0
      228:        107         90         99         59         70       6307         60         65       3236          0          0          0
      110:        107         90         99         59         70       6307          0          0          0          0          0          0
      160:        107         90         99         59         95       6404          0          0          0          0          0          0
      162:        107         90         99         59         96       6307          0          0          0          0          0          0
       45:        107         90         99          0          0          0          0          0          0          0          0          0
      149:        107         91         99         56         59       3203          0          0          0          0          0          0
      153:        107         91         99         56         61       3203          0          0          0          0          0          0
      223:        107         91         99         56         68       6307         57         60       3236          0          0          0
      227:        107         91         99         56         68       6307         57         63       3236          0          0          0
      109:        107         91         99         56         68       6307          0          0          0          0          0          0
      157:        107         91         99         56         93       6307          0          0          0          0          0          0
      159:        107         91         99         56         94       6307          0          0          0          0          0          0
       44:        107         91         99          0          0          0          0          0          0          0          0          0
      122:        107         97         99         81         56    1232808          0          0          0          0          0          0
       56:        107         97         99          0          0          0          0          0          0          0          0          0
      124:        107         98         99         82         58    1232808          0          0          0          0          0          0
      180:        107         98         99         82        101    1533929          0          0          0          0          0          0
       58:        107         98         99          0          0          0          0          0          0          0          0          0
      121:        107         99         99         80         56    1232809          0          0          0          0          0          0
       55:        107         99         99          0          0          0          0          0          0          0          0          0
      120:        107        100         99         79         53    1232808          0          0          0          0          0          0
      178:        107        100         99         79         99    1533928          0          0          0          0          0          0
       54:        107        100         99          0          0          0          0          0          0          0          0          0
      117:        107        101         99         77         50    1232808          0          0          0          0          0          0
      176:        107        101         99         77         97    1524519          0          0          0          0          0          0
       51:        107        101         99          0          0          0          0          0          0          0          0          0
      119:        107        102         99         78         53    1232809          0          0          0          0          0          0
      181:        107        102         99         78         97    1533929          0          0          0          0          0          0
      184:        107        102         99         78         98    1524519          0          0          0          0          0          0
       53:        107        102         99          0          0          0          0          0          0          0          0          0
        3:        108         13         99          0          0          0          0          0          0          0          0          0
       49:        108         14         99          0          0          0          0          0          0          0          0          0
       23:        108         29         99          0          0          0          0          0          0          0          0          0
       19:        108         34         99          0          0          0          0          0          0          0          0          0
      115:        108         67         99         67         30      12709          0          0          0          0          0          0
       87:        108         67         99         67         42      12612          0          0          0          0          0          0
       84:        108         67         99         67         57      12709          0          0          0          0          0          0
      200:        108         67         99         67         67      15716         73         43     313797          0          0          0
      197:        108         67         99         67         67      15716         73         64     313797          0          0          0
      232:        108         67         99         67         67      15716         73         70     617989         86         65   30438344
      193:        108         67         99         67         70      15813         82         58    1232808          0          0          0
      216:        108         67         99         67         88      15716         60         63       3334          0          0          0
      218:        108         67         99         67         88      15716         60         65       3236          0          0          0
      107:        108         67         99         67         88      15716          0          0          0          0          0          0
      208:        108         67         99         67        101      15813         85         63   30438344          0          0          0
      141:        108         67         99         67        101      15813          0          0          0          0          0          0
      210:        108         67         99         67        102      15716         86         65   30438344          0          0          0
      143:        108         67         99         67        102      15716          0          0          0          0          0          0
       78:        108         70         99         69         35       9637          0          0          0          0          0          0
      147:        108         74         99         62         47       3203          0          0          0          0          0          0
      221:        108         74         99         62         70       6307         76         48     310725          0          0          0
      166:        108         74         99         62         79       6307          0          0          0          0          0          0
       62:        108         74         99          0          0          0          0          0          0          0          0          0
      131:        108         88         99         55         56        133          0          0          0          0          0          0
      133:        108         88         99         55         58        132          0          0          0          0          0          0
      172:        108         88         99         55         87        164          0          0          0          0          0          0
      174:        108         88         99         55         89        163          0          0          0          0          0          0
       42:        108         88         99          0          0          0          0          0          0          0          0          0
      151:        108         92         99         59         62       3300          0          0          0          0          0          0
      155:        108         92         99         59         64       3203          0          0          0          0          0          0
      225:        108         92         99         59         70       6307         60         63       3334          0          0          0
      229:        108         92         99         59         70       6307         60         65       3236          0          0          0
      111:        108         92         99         59         70       6307          0          0          0          0          0          0
      161:        108         92         99         59         95       6404          0          0          0          0          0          0
      163:        108         92         99         59         96       6307          0          0          0          0          0          0
       46:        108         92         99          0          0          0          0          0          0          0          0          0
      123:        108        101         99         81         56    1232808          0          0          0          0          0          0
      177:        108        101         99         81        101    1524519          0          0          0          0          0          0
       57:        108        101         99          0          0          0          0          0          0          0          0          0
      125:        108        102         99         82         58    1232808          0          0          0          0          0          0
      182:        108        102         99         82        101    1533929          0          0          0          0          0          0
      185:        108        102         99         82        102    1524519          0          0          0          0          0          0
       59:        108        102         99          0          0          0          0          0          0          0          0          0
